#Elapsed Time (secs),Bytes Received,Requests Serviced, Requests Failed, Comment
   0.35963,       1034,          0,          0, (null)
   0.35991,       1034,          1,          0, /master/1kb-sample-file-1.html
   0.60228,       1699,          1,          0, (null)
   0.60236,       2107,          1,          0, (null)
   0.60251,       2107,          2,          0, /master/1kb-sample-file-2.png
   0.85324,       2772,          2,          0, (null)
   0.85332,       3402,          2,          0, (null)
   0.85344,       3402,          3,          0, /master/1kb-sample-file-3.jpg
   1.20644,       4675,          3,          0, (null)
   1.20668,       4675,          4,          0, /master/1kb-sample-file-4.png
   1.43955,       5872,          4,          0, (null)
   1.43962,       7078,          4,          0, (null)
   1.44163,       8284,          4,          0, (null)
   1.44174,       9490,          4,          0, (null)
   1.44374,      10696,          4,          0, (null)
   1.44379,      11902,          4,          0, (null)
   1.44627,      13108,          4,          0, (null)
   1.44632,      14314,          4,          0, (null)
   1.44835,      15520,          4,          0, (null)
   1.44841,      16726,          4,          0, (null)
   1.44996,      17932,          4,          0, (null)
   1.45001,      19138,          4,          0, (null)
   1.45145,      20344,          4,          0, (null)
   1.45155,      21541,          4,          0, (null)
   1.45281,      22747,          4,          0, (null)
   1.45291,      23953,          4,          0, (null)
   1.45376,      25159,          4,          0, (null)
   1.45382,      26365,          4,          0, (null)
   1.45500,      27571,          4,          0, (null)
   1.45508,      28777,          4,          0, (null)
   1.45622,      29983,          4,          0, (null)
   1.45628,      31189,          4,          0, (null)
   1.45701,      32395,          4,          0, (null)
   1.45707,      33601,          4,          0, (null)
   1.45808,      34807,          4,          0, (null)
   1.45814,      36013,          4,          0, (null)
   1.45916,      37219,          4,          0, (null)
   1.45922,      38416,          4,          0, (null)
   1.45957,      39622,          4,          0, (null)
   1.46615,      43718,          4,          0, (null)
   1.46622,      47814,          4,          0, (null)
   1.46623,      51910,          4,          0, (null)
   1.46624,      55997,          4,          0, (null)
   1.46985,      60093,          4,          0, (null)
   1.46994,      64189,          4,          0, (null)
   1.46996,      68285,          4,          0, (null)
   1.46996,      70211,          4,          0, (null)
   1.47358,      74307,          4,          0, (null)
   1.47364,      78403,          4,          0, (null)
   1.47365,      82499,          4,          0, (null)
   1.47367,      86586,          4,          0, (null)
   1.47581,      90682,          4,          0, (null)
   1.47587,      94778,          4,          0, (null)
   1.47588,      98874,          4,          0, (null)
   1.47590,     102961,          4,          0, (null)
   1.47797,     107057,          4,          0, (null)
   1.47802,     111153,          4,          0, (null)
   1.47803,     115249,          4,          0, (null)
   1.47805,     119336,          4,          0, (null)
   1.47964,     123432,          4,          0, (null)
   1.47970,     127528,          4,          0, (null)
   1.47972,     131624,          4,          0, (null)
   1.47974,     135711,          4,          0, (null)
   1.47975,     135747,          4,          0, (null)
   1.48130,     139843,          4,          0, (null)
   1.48135,     143939,          4,          0, (null)
   1.48136,     148035,          4,          0, (null)
   1.48138,     152122,          4,          0, (null)
   1.48521,     156218,          4,          0, (null)
   1.48531,     160314,          4,          0, (null)
   1.48533,     164410,          4,          0, (null)
   1.48534,     168497,          4,          0, (null)
   1.48575,     172593,          4,          0, (null)
   1.48580,     176689,          4,          0, (null)
   1.48582,     180785,          4,          0, (null)
   1.48582,     184872,          4,          0, (null)
   1.48887,     188968,          4,          0, (null)
   1.48893,     193064,          4,          0, (null)
   1.48894,     197160,          4,          0, (null)
   1.48895,     201256,          4,          0, (null)
   1.48897,     201283,          4,          0, (null)
   1.48993,     205379,          4,          0, (null)
   1.48998,     209475,          4,          0, (null)
   1.49000,     213571,          4,          0, (null)
   1.49001,     217658,          4,          0, (null)
   1.49137,     221754,          4,          0, (null)
   1.49143,     225850,          4,          0, (null)
   1.49144,     229946,          4,          0, (null)
   1.49145,     234033,          4,          0, (null)
   1.49166,     237849,          4,          0, (null)
   1.49183,     237849,          5,          0, /master/paraglider.jpg
   1.71413,     239046,          5,          0, (null)
   1.71420,     240252,          5,          0, (null)
   1.71630,     241458,          5,          0, (null)
   1.71636,     242664,          5,          0, (null)
   1.71797,     243870,          5,          0, (null)
   1.71802,     245076,          5,          0, (null)
   1.72025,     246282,          5,          0, (null)
   1.72032,     247488,          5,          0, (null)
   1.72167,     248694,          5,          0, (null)
   1.72172,     249900,          5,          0, (null)
   1.72327,     251106,          5,          0, (null)
   1.72332,     252312,          5,          0, (null)
   1.72496,     253518,          5,          0, (null)
   1.72502,     254715,          5,          0, (null)
   1.72617,     255921,          5,          0, (null)
   1.72624,     257127,          5,          0, (null)
   1.72709,     258333,          5,          0, (null)
   1.72715,     259539,          5,          0, (null)
   1.72857,     260745,          5,          0, (null)
   1.72865,     261951,          5,          0, (null)
   1.72937,     263157,          5,          0, (null)
   1.72943,     264363,          5,          0, (null)
   1.73037,     265569,          5,          0, (null)
   1.73048,     266775,          5,          0, (null)
   1.73053,     267981,          5,          0, (null)
   1.73159,     269187,          5,          0, (null)
   1.73166,     270393,          5,          0, (null)
   1.73168,     271590,          5,          0, (null)
   1.73256,     272796,          5,          0, (null)
   1.73875,     276892,          5,          0, (null)
   1.73880,     280988,          5,          0, (null)
   1.73881,     285084,          5,          0, (null)
   1.73882,     289171,          5,          0, (null)
   1.74237,     293267,          5,          0, (null)
   1.74243,     297363,          5,          0, (null)
   1.74245,     301459,          5,          0, (null)
   1.74246,     303385,          5,          0, (null)
   1.74546,     307481,          5,          0, (null)
   1.74552,     311577,          5,          0, (null)
   1.74553,     315673,          5,          0, (null)
   1.74554,     319760,          5,          0, (null)
   1.74849,     323856,          5,          0, (null)
   1.74854,     327952,          5,          0, (null)
   1.74855,     332048,          5,          0, (null)
   1.74857,     336135,          5,          0, (null)
   1.75003,     340231,          5,          0, (null)
   1.75008,     344327,          5,          0, (null)
   1.75009,     348423,          5,          0, (null)
   1.75011,     352510,          5,          0, (null)
   1.75217,     356606,          5,          0, (null)
   1.75223,     360702,          5,          0, (null)
   1.75224,     364798,          5,          0, (null)
   1.75226,     368885,          5,          0, (null)
   1.75227,     368921,          5,          0, (null)
   1.75233,     373017,          5,          0, (null)
   1.75243,     376026,          5,          0, (null)
   1.75256,     376026,          6,          0, /master/road.jpg
   1.99097,     377223,          6,          0, (null)
   1.99104,     378429,          6,          0, (null)
   1.99302,     379635,          6,          0, (null)
   1.99309,     380841,          6,          0, (null)
   1.99461,     382047,          6,          0, (null)
   1.99468,     383253,          6,          0, (null)
   1.99721,     384459,          6,          0, (null)
   1.99726,     385665,          6,          0, (null)
   1.99875,     386871,          6,          0, (null)
   1.99883,     388077,          6,          0, (null)
   2.00001,     389283,          6,          0, (null)
   2.00006,     390489,          6,          0, (null)
   2.00145,     391695,          6,          0, (null)
   2.00150,     392892,          6,          0, (null)
   2.00279,     394098,          6,          0, (null)
   2.00286,     395304,          6,          0, (null)
   2.00370,     396510,          6,          0, (null)
   2.00376,     397716,          6,          0, (null)
   2.00486,     398922,          6,          0, (null)
   2.00494,     400128,          6,          0, (null)
   2.00615,     401334,          6,          0, (null)
   2.00621,     402540,          6,          0, (null)
   2.00690,     403746,          6,          0, (null)
   2.00697,     404952,          6,          0, (null)
   2.00759,     406158,          6,          0, (null)
   2.00766,     407364,          6,          0, (null)
   2.00833,     408570,          6,          0, (null)
   2.00840,     409767,          6,          0, (null)
   2.00851,     410973,          6,          0, (null)
   2.01448,     415069,          6,          0, (null)
   2.01455,     419165,          6,          0, (null)
   2.01457,     423261,          6,          0, (null)
   2.01457,     427348,          6,          0, (null)
   2.01741,     431444,          6,          0, (null)
   2.01747,     435540,          6,          0, (null)
   2.01748,     439636,          6,          0, (null)
   2.01749,     441562,          6,          0, (null)
   2.02178,     445658,          6,          0, (null)
   2.02184,     449754,          6,          0, (null)
   2.02185,     453850,          6,          0, (null)
   2.02187,     457937,          6,          0, (null)
   2.02413,     462033,          6,          0, (null)
   2.02418,     466129,          6,          0, (null)
   2.02419,     470225,          6,          0, (null)
   2.02421,     474312,          6,          0, (null)
   2.02490,     478408,          6,          0, (null)
   2.02496,     480270,          6,          0, (null)
   2.02510,     480270,          7,          0, /master/yellowstone.jpg
   2.26509,     480933,          7,          0, (null)
   2.26518,     483345,          7,          0, (null)
   2.26525,     484551,          7,          0, (null)
   2.26688,     485757,          7,          0, (null)
   2.26702,     486963,          7,          0, (null)
   2.26824,     488169,          7,          0, (null)
   2.26833,     489375,          7,          0, (null)
   2.27045,     490581,          7,          0, (null)
   2.27051,     491787,          7,          0, (null)
   2.27219,     492993,          7,          0, (null)
   2.27229,     494199,          7,          0, (null)
   2.27430,     495405,          7,          0, (null)
   2.27435,     495769,          7,          0, (null)
   2.28213,     499865,          7,          0, (null)
   2.28218,     503961,          7,          0, (null)
   2.28220,     508057,          7,          0, (null)
   2.28220,     512144,          7,          0, (null)
   2.28659,     516240,          7,          0, (null)
   2.28665,     520336,          7,          0, (null)
   2.28666,     524432,          7,          0, (null)
   2.28667,     528519,          7,          0, (null)
   2.28968,     532615,          7,          0, (null)
   2.28974,     536711,          7,          0, (null)
   2.28975,     540807,          7,          0, (null)
   2.28977,     544894,          7,          0, (null)
   2.29180,     548990,          7,          0, (null)
   2.29186,     553086,          7,          0, (null)
   2.29187,     557182,          7,          0, (null)
   2.29189,     561269,          7,          0, (null)
   2.29193,     561305,          7,          0, (null)
   2.29318,     565401,          7,          0, (null)
   2.29323,     569497,          7,          0, (null)
   2.29325,     573593,          7,          0, (null)
   2.29326,     577680,          7,          0, (null)
   2.29459,     581776,          7,          0, (null)
   2.29465,     585872,          7,          0, (null)
   2.29466,     589968,          7,          0, (null)
   2.29467,     594055,          7,          0, (null)
   2.29521,     598151,          7,          0, (null)
   2.29526,     602247,          7,          0, (null)
   2.29528,     606343,          7,          0, (null)
   2.29529,     610430,          7,          0, (null)
   2.29642,     614526,          7,          0, (null)
   2.29649,     618622,          7,          0, (null)
   2.29650,     622718,          7,          0, (null)
   2.29651,     626814,          7,          0, (null)
   2.29653,     626841,          7,          0, (null)
   2.29697,     630937,          7,          0, (null)
   2.29703,     635033,          7,          0, (null)
   2.29704,     639129,          7,          0, (null)
   2.29705,     643216,          7,          0, (null)
   2.29815,     647312,          7,          0, (null)
   2.29821,     651408,          7,          0, (null)
   2.29822,     655504,          7,          0, (null)
   2.29823,     659591,          7,          0, (null)
   2.29916,     663687,          7,          0, (null)
   2.29922,     667783,          7,          0, (null)
   2.29923,     671879,          7,          0, (null)
   2.29924,     675966,          7,          0, (null)
   2.30068,     680062,          7,          0, (null)
   2.30073,     684158,          7,          0, (null)
   2.30074,     688254,          7,          0, (null)
   2.30075,     692350,          7,          0, (null)
   2.30077,     692377,          7,          0, (null)
   2.30174,     696473,          7,          0, (null)
   2.30179,     700569,          7,          0, (null)
   2.30181,     704665,          7,          0, (null)
   2.30182,     708752,          7,          0, (null)
   2.30196,     712848,          7,          0, (null)
   2.30201,     716944,          7,          0, (null)
   2.30203,     721040,          7,          0, (null)
   2.30203,     725127,          7,          0, (null)
   2.30507,     729223,          7,          0, (null)
   2.30513,     733319,          7,          0, (null)
   2.30514,     737415,          7,          0, (null)
   2.30515,     741502,          7,          0, (null)
   2.30575,     745598,          7,          0, (null)
   2.30580,     749694,          7,          0, (null)
   2.30581,     753790,          7,          0, (null)
   2.30582,     757886,          7,          0, (null)
   2.30584,     757913,          7,          0, (null)
   2.30760,     762009,          7,          0, (null)
   2.30765,     766105,          7,          0, (null)
   2.30767,     770201,          7,          0, (null)
   2.30768,     774288,          7,          0, (null)
   2.30776,     778384,          7,          0, (null)
   2.30781,     782480,          7,          0, (null)
   2.30783,     786576,          7,          0, (null)
   2.30784,     790663,          7,          0, (null)
   2.30823,     794759,          7,          0, (null)
   2.30828,     798855,          7,          0, (null)
   2.30829,     802951,          7,          0, (null)
   2.30830,     807038,          7,          0, (null)
   2.30962,     811134,          7,          0, (null)
   2.30967,     815230,          7,          0, (null)
   2.30968,     819326,          7,          0, (null)
   2.30969,     823413,          7,          0, (null)
   2.30970,     823449,          7,          0, (null)
   2.31040,     827545,          7,          0, (null)
   2.31045,     831641,          7,          0, (null)
   2.31047,     835737,          7,          0, (null)
   2.31047,     839824,          7,          0, (null)
   2.31061,     843920,          7,          0, (null)
   2.31067,     848016,          7,          0, (null)
   2.31068,     852112,          7,          0, (null)
   2.31069,     856199,          7,          0, (null)
   2.31234,     860295,          7,          0, (null)
   2.31240,     864391,          7,          0, (null)
   2.31241,     868487,          7,          0, (null)
   2.31242,     872574,          7,          0, (null)
   2.31243,     876670,          7,          0, (null)
   2.31245,     880766,          7,          0, (null)
   2.31246,     882254,          7,          0, (null)
   2.31282,     886350,          7,          0, (null)
   2.31288,     890446,          7,          0, (null)
   2.31290,     894542,          7,          0, (null)
   2.31290,     898629,          7,          0, (null)
   2.31409,     902725,          7,          0, (null)
   2.31415,     906821,          7,          0, (null)
   2.31416,     910917,          7,          0, (null)
   2.31417,     915004,          7,          0, (null)
   2.31485,     919100,          7,          0, (null)
   2.31490,     923196,          7,          0, (null)
   2.31492,     927292,          7,          0, (null)
   2.31492,     931379,          7,          0, (null)
   2.31500,     932501,          7,          0, (null)
   2.31517,     932501,          8,          0, /master/moranabovejacksonlake.jpg
   2.66565,     933698,          8,          0, (null)
   2.66573,     933771,          8,          0, (null)
   2.66586,     933771,          9,          0, /master/1kb-sample-file-0.png
   2.91297,     934428,          9,          0, (null)
   2.91305,     934805,          9,          0, (null)
   2.91319,     934805,         10,          0, /master/1kb-sample-file-1.html
